Los_Angeles San_Diego San_Jose San_Francisco Fresno Long_Beach Sacramento Oakland Santa_Ana Anaheim
0 124 340 382 219 24 384 370 32 27
124 0 460 501 338 106 504 490 89 96
340 460 0 48 150 363 127 40 372 366
382 501 48 0 186 405 88 13 414 408
219 338 150 186 0 242 174 175 250 244
24 106 363 405 242 0 408 394 21 26
384 504 127 88 174 408 0 87 416 411
370 490 40 13 175 394 87 0 402 396
32 89 372 414 250 21 416 402 0 9
27 96 366 408 244 26 411 396 9 0
